   Degree Strength Intermediarity Proximity Gen Degree Gen Intermediarity

a 0.7933884297520661 0.7933884297520661 69302.40000000001 4.843283046519709 0.0 0.0 0.0
 
b 0.2066115702479339 0.4462809917355372 6567.5 1.4126913471310734 0.0 0.0 0.0
 
f 0.01652892561983471 0.25619834710743805 0.0 0.14486841776734666 0.0 0.0 0.0
 
g 0.01652892561983471 0.25619834710743805 0.0 0.1455574024284384 0.0 0.0 0.0
 
c 0.01652892561983471 0.25619834710743805 518.0 0.15523532978078433 0.0 0.0 0.0
 
d 0.01652892561983471 0.01652892561983471 391.40000000000003 0.7061969650902457 0.0 0.0 0.0
 
e 0.01652892561983471 0.01652892561983471 410.40000000000003 0.37459085265679276 0.0 0.0 0.0
 
current 0.008264462809917356 0.008264462809917356 0.0 0.3314190749961501 0.0 0.0 0.0
 
android 0.008264462809917356 0.008264462809917356 0.0 0.3314190749961501 0.0 0.0 0.0
 
skia 0.008264462809917356 0.008264462809917356 0.0 0.3314190749961501 0.0 0.0 0.0
 
phatbit 0.008264462809917356 0.008264462809917356 0.0 0.3314190749961501 0.0 0.0 0.0
 
allpay_ 0.008264462809917356 0.008264462809917356 0.0 0.3314190749961501 0.0 0.0 0.0
 
brunet_ 0.008264462809917356 0.008264462809917356 0.0 0.3314190749961501 0.0 0.0 0.0
 
dmarc_b 0.008264462809917356 0.008264462809917356 0.0 0.3314190749961501 0.0 0.0 0.0
 
measure 0.008264462809917356 0.008264462809917356 0.0 0.3314190749961501 0.0 0.0 0.0
 
upstart 0.008264462809917356 0.008264462809917356 0.0 0.3314190749961501 0.0 0.0 0.0
 
orion 0.008264462809917356 0.008264462809917356 0.0 0.3314190749961501 0.0 0.0 0.0
 
urchin_ 0.008264462809917356 0.008264462809917356 0.0 0.3314190749961501 0.0 0.0 0.0
 
ignite_ 0.008264462809917356 0.008264462809917356 0.0 0.3314190749961501 0.0 0.0 0.0
 
zipdash 0.008264462809917356 0.008264462809917356 0.0 0.3314190749961501 0.0 0.0 0.0
 
picasa 0.008264462809917356 0.008264462809917356 0.0 0.3314190749961501 0.0 0.0 0.0
 
keyhole 0.008264462809917356 0.008264462809917356 0.0 0.3314190749961501 0.0 0.0 0.0
 
genius_ 0.008264462809917356 0.008264462809917356 0.0 0.2961900377290694 0.0 0.0 0.0
 
sprinks 0.008264462809917356 0.008264462809917356 0.0 0.2961900377290694 0.0 0.0 0.0
 
akwan_i 0.008264462809917356 0.008264462809917356 0.0 0.3314190749961501 0.0 0.0 0.0
 
dodgeba 0.008264462809917356 0.008264462809917356 0.0 0.3314190749961501 0.0 0.0 0.0
 
@last_s 0.008264462809917356 0.008264462809917356 0.0 0.3314190749961501 0.0 0.0 0.0
 
doublec 0.008264462809917356 0.008264462809917356 0.0 0.11908706405077352 0.0 0.0 0.0
 
greenbo 0.008264462809917356 0.008264462809917356 0.0 0.11908706405077352 0.0 0.0 0.0
 
panoram 0.008264462809917356 0.008264462809917356 0.0 0.11908706405077352 0.0 0.0 0.0
 
feedbur 0.008264462809917356 0.008264462809917356 0.0 0.11908706405077352 0.0 0.0 0.0
 
peakstr 0.008264462809917356 0.008264462809917356 0.0 0.11908706405077352 0.0 0.0 0.0
 
zenter 0.008264462809917356 0.008264462809917356 0.0 0.11908706405077352 0.0 0.0 0.0
 
grandce 0.008264462809917356 0.008264462809917356 0.0 0.11908706405077352 0.0 0.0 0.0
 
imageam 0.008264462809917356 0.008264462809917356 0.0 0.11908706405077352 0.0 0.0 0.0
 
postini 0.008264462809917356 0.008264462809917356 0.0 0.11908706405077352 0.0 0.0 0.0
 
zingku 0.008264462809917356 0.008264462809917356 0.0 0.11908706405077352 0.0 0.0 0.0
 
jaiku 0.008264462809917356 0.008264462809917356 0.0 0.11908706405077352 0.0 0.0 0.0
 
omnisio 0.008264462809917356 0.008264462809917356 0.0 0.11908706405077352 0.0 0.0 0.0
 
tnc 0.008264462809917356 0.008264462809917356 0.0 0.11908706405077352 0.0 0.0 0.0
 
on2 0.008264462809917356 0.008264462809917356 0.0 0.11908706405077352 0.0 0.0 0.0
 
recaptc 0.008264462809917356 0.008264462809917356 0.0 0.11908706405077352 0.0 0.0 0.0
 
admob 0.008264462809917356 0.008264462809917356 0.0 0.11908706405077352 0.0 0.0 0.0
 
gizmo5 0.008264462809917356 0.008264462809917356 0.0 0.11908706405077352 0.0 0.0 0.0
 
teracen 0.008264462809917356 0.008264462809917356 0.0 0.11908706405077352 0.0 0.0 0.0
 
appjet 0.008264462809917356 0.008264462809917356 0.0 0.11908706405077352 0.0 0.0 0.0
 
aardvar 0.008264462809917356 0.008264462809917356 0.0 0.11908706405077352 0.0 0.0 0.0
 
remail 0.008264462809917356 0.008264462809917356 0.0 0.11908706405077352 0.0 0.0 0.0
 
picnik 0.008264462809917356 0.008264462809917356 0.0 0.11908706405077352 0.0 0.0 0.0
 
docvers 0.008264462809917356 0.008264462809917356 0.0 0.11908706405077352 0.0 0.0 0.0
 
episodi 0.008264462809917356 0.008264462809917356 0.0 0.11908706405077352 0.0 0.0 0.0
 
plinkar 0.008264462809917356 0.008264462809917356 0.0 0.11908706405077352 0.0 0.0 0.0
 
agnilux 0.008264462809917356 0.008264462809917356 0.0 0.11908706405077352 0.0 0.0 0.0
 
labpixi 0.008264462809917356 0.008264462809917356 0.0 0.11908706405077352 0.0 0.0 0.0
 
bumptop 0.008264462809917356 0.008264462809917356 0.0 0.11908706405077352 0.0 0.0 0.0
 
global_ 0.008264462809917356 0.008264462809917356 0.0 0.11908706405077352 0.0 0.0 0.0
 
simplif 0.008264462809917356 0.008264462809917356 0.0 0.11908706405077352 0.0 0.0 0.0
 
ruba.co 0.008264462809917356 0.008264462809917356 0.0 0.11908706405077352 0.0 0.0 0.0
 
invite_ 0.008264462809917356 0.008264462809917356 0.0 0.11908706405077352 0.0 0.0 0.0
 
ita_sof 0.008264462809917356 0.008264462809917356 0.0 0.11908706405077352 0.0 0.0 0.0
 
metaweb 0.008264462809917356 0.008264462809917356 0.0 0.11908706405077352 0.0 0.0 0.0
 
zetawir 0.008264462809917356 0.008264462809917356 0.0 0.11908706405077352 0.0 0.0 0.0
 
instant 0.008264462809917356 0.008264462809917356 0.0 0.11908706405077352 0.0 0.0 0.0
 
slide.c 0.008264462809917356 0.008264462809917356 0.0 0.11908706405077352 0.0 0.0 0.0
 
jambool 0.008264462809917356 0.008264462809917356 0.0 0.11908706405077352 0.0 0.0 0.0
 
like.co 0.008264462809917356 0.008264462809917356 0.0 0.11908706405077352 0.0 0.0 0.0
 
angstro 0.008264462809917356 0.008264462809917356 0.0 0.11908706405077352 0.0 0.0 0.0
 
sociald 0.008264462809917356 0.008264462809917356 0.0 0.11908706405077352 0.0 0.0 0.0
 
quiksee 0.008264462809917356 0.008264462809917356 0.0 0.11908706405077352 0.0 0.0 0.0
 
plannr 0.008264462809917356 0.008264462809917356 0.0 0.11908706405077352 0.0 0.0 0.0
 
blindty 0.008264462809917356 0.008264462809917356 0.0 0.11908706405077352 0.0 0.0 0.0
 
phoneti 0.008264462809917356 0.008264462809917356 0.0 0.11908706405077352 0.0 0.0 0.0
 
widevin 0.008264462809917356 0.008264462809917356 0.0 0.11908706405077352 0.0 0.0 0.0
 
ebook_t 0.008264462809917356 0.008264462809917356 0.0 0.11908706405077352 0.0 0.0 0.0
 
saynow 0.008264462809917356 0.008264462809917356 0.0 0.11908706405077352 0.0 0.0 0.0
 
fflick 0.008264462809917356 0.008264462809917356 0.0 0.11908706405077352 0.0 0.0 0.0
 
zynamic 0.008264462809917356 0.008264462809917356 0.0 0.11908706405077352 0.0 0.0 0.0
 
beattha 0.008264462809917356 0.008264462809917356 0.0 0.11908706405077352 0.0 0.0 0.0
 
next_ne 0.008264462809917356 0.008264462809917356 0.0 0.11908706405077352 0.0 0.0 0.0
 
green_p 0.008264462809917356 0.008264462809917356 0.0 0.11908706405077352 0.0 0.0 0.0
 
pushlif 0.008264462809917356 0.008264462809917356 0.0 0.11908706405077352 0.0 0.0 0.0
 
talkbin 0.008264462809917356 0.008264462809917356 0.0 0.11908706405077352 0.0 0.0 0.0
 
sparkbu 0.008264462809917356 0.008264462809917356 0.0 0.11908706405077352 0.0 0.0 0.0
 
postran 0.008264462809917356 0.008264462809917356 0.0 0.11908706405077352 0.0 0.0 0.0
 
admeld 0.008264462809917356 0.008264462809917356 0.0 0.11908706405077352 0.0 0.0 0.0
 
sagetv 0.008264462809917356 0.008264462809917356 0.0 0.11908706405077352 0.0 0.0 0.0
 
punchd 0.008264462809917356 0.008264462809917356 0.0 0.11908706405077352 0.0 0.0 0.0
 
fridge 0.008264462809917356 0.008264462809917356 0.0 0.11908706405077352 0.0 0.0 0.0
 
pittpat 0.008264462809917356 0.008264462809917356 0.0 0.11908706405077352 0.0 0.0 0.0
 
dealmap 0.008264462809917356 0.008264462809917356 0.0 0.11908706405077352 0.0 0.0 0.0
 
motorol 0.008264462809917356 0.008264462809917356 0.0 0.11908706405077352 0.0 0.0 0.0
 
zave_ne 0.008264462809917356 0.008264462809917356 0.0 0.11908706405077352 0.0 0.0 0.0
 
zagat 0.008264462809917356 0.008264462809917356 0.0 0.11908706405077352 0.0 0.0 0.0
 
dailyde 0.008264462809917356 0.008264462809917356 0.0 0.11908706405077352 0.0 0.0 0.0
 
socialg 0.008264462809917356 0.008264462809917356 0.0 0.11908706405077352 0.0 0.0 0.0
 
apture 0.008264462809917356 0.008264462809917356 0.0 0.11908706405077352 0.0 0.0 0.0
 
katango 0.008264462809917356 0.008264462809917356 0.0 0.11908706405077352 0.0 0.0 0.0
 
rightsf 0.008264462809917356 0.008264462809917356 0.0 0.11908706405077352 0.0 0.0 0.0
 
clever_ 0.008264462809917356 0.008264462809917356 0.0 0.11908706405077352 0.0 0.0 0.0
 
milk,_i 0.008264462809917356 0.008264462809917356 0.0 0.11908706405077352 0.0 0.0 0.0
 
txvia 0.008264462809917356 0.008264462809917356 0.0 0.11908706405077352 0.0 0.0 0.0
 
meebo 0.008264462809917356 0.008264462809917356 0.0 0.11908706405077352 0.0 0.0 0.0
 
quickof 0.008264462809917356 0.008264462809917356 0.0 0.11908706405077352 0.0 0.0 0.0
 
sparrow 0.008264462809917356 0.008264462809917356 0.0 0.11908706405077352 0.0 0.0 0.0
 
wildfir 0.008264462809917356 0.008264462809917356 0.0 0.11908706405077352 0.0 0.0 0.0
 
frommer 0.008264462809917356 0.008264462809917356 0.0 0.11908706405077352 0.0 0.0 0.0
 
virusto 0.008264462809917356 0.008264462809917356 0.0 0.11908706405077352 0.0 0.0 0.0
 
nik_sof 0.008264462809917356 0.008264462809917356 0.0 0.11908706405077352 0.0 0.0 0.0
 
viewdle 0.008264462809917356 0.008264462809917356 0.0 0.11908706405077352 0.0 0.0 0.0
 
incenti 0.008264462809917356 0.008264462809917356 0.0 0.11908706405077352 0.0 0.0 0.0
 
jotspot 0.008264462809917356 0.008264462809917356 0.0 0.11908706405077352 0.0 0.0 0.0
 
youtube 0.008264462809917356 0.008264462809917356 0.0 0.11908706405077352 0.0 0.0 0.0
 
neven_v 0.008264462809917356 0.008264462809917356 0.0 0.11908706405077352 0.0 0.0 0.0
 
2web_te 0.008264462809917356 0.008264462809917356 0.0 0.11908706405077352 0.0 0.0 0.0
 
marrate 0.008264462809917356 0.008264462809917356 0.0 0.11908706405077352 0.0 0.0 0.0
 
tonic_s 0.008264462809917356 0.008264462809917356 0.0 0.11908706405077352 0.0 0.0 0.0
 
trendal 0.008264462809917356 0.008264462809917356 0.0 0.11908706405077352 0.0 0.0 0.0
 
adscape 0.008264462809917356 0.008264462809917356 0.0 0.11908706405077352 0.0 0.0 0.0
 
endoxon 0.008264462809917356 0.008264462809917356 0.0 0.11908706405077352 0.0 0.0 0.0
 
where2 0.008264462809917356 0.008264462809917356 0.0 0.3314190749961501 0.0 0.0 0.0
 
reqwire 0.008264462809917356 0.008264462809917356 0.0 0.3314190749961501 0.0 0.0 0.0
 
bufferb 0.0 0.0 0.0 0.07287693234290303 0.0 0.0 0.0
 
